1234 2022-12-05 1 1
3472 2023-07-13 999 999
3097 2023-01-09 999 999
6481 2023-05-15 999 999
6773 2023-05-09 999 999
22091 2022-12-01 999 999
22092 2022-12-01 999 999
22093 2022-12-01 999 999
22094 2022-12-01 999 999
22095 2022-12-01 999 999
22096 2022-12-01 999 999
22097 2022-12-01 999 999
22098 2022-12-01 999 999
22099 2022-12-01 999 999
22100 2022-12-01 999 999
22101 2022-12-01 999 999
22102 2022-12-01 999 999
22103 2022-12-01 999 999
22104 2022-12-01 999 999
22105 2022-12-01 999 999
22106 2022-12-01 999 999
22107 2022-12-01 999 999
22108 2022-12-01 999 999
22109 2022-12-01 999 999
22110 2022-12-01 999 999
22111 2022-12-01 999 999
22112 2022-12-01 999 999
22113 2022-12-01 999 999
22114 2022-12-01 999 999
22115 2022-12-01 999 999
22116 2022-12-01 999 999
22117 2022-12-01 999 999
22118 2022-12-01 999 999
22119 2022-12-01 999 999
22120 2022-12-01 999 999
22121 2022-12-01 999 999
22122 2022-12-01 999 999
22123 2022-12-01 999 999
22124 2022-12-01 999 999
22125 2022-12-01 999 999
22126 2022-12-01 999 999
22127 2022-12-01 999 999
22128 2022-12-01 999 999
22129 2022-12-01 999 999
22130 2022-12-01 999 999
22131 2022-12-01 999 999
22132 2022-12-01 999 999
22133 2022-12-01 999 999
22134 2022-12-01 999 999
22135 2022-12-01 999 999
22136 2022-12-01 999 999
22137 2022-12-01 999 999
22138 2022-12-01 999 999
22139 2022-12-01 999 999
22140 2022-12-01 999 999
22141 2022-12-01 999 999
22142 2022-12-01 999 999
22143 2022-12-01 999 999
22144 2022-12-01 999 999
22145 2022-12-01 999 999
22146 2022-12-01 999 999
22147 2022-12-01 999 999
22148 2022-12-01 999 999
22149 2022-12-01 999 999
22150 2022-12-01 999 999
22151 2022-12-01 999 999
22152 2022-12-01 999 999
22153 2022-12-01 999 999
22154 2022-12-01 999 999
22155 2022-12-01 999 999
22156 2022-12-01 999 999
22157 2022-12-01 999 999
22158 2022-12-01 999 999
22159 2022-12-01 999 999
22160 2022-12-01 999 999
22161 2022-12-01 999 999
22162 2022-12-01 999 999
22163 2022-12-01 999 999
22164 2022-12-01 999 999
22165 2022-12-01 999 999
22166 2022-12-01 999 999
22167 2022-12-01 999 999
22168 2022-12-01 999 999
22169 2022-12-01 999 999
22170 2022-12-01 999 999
22171 2022-12-01 999 999
22172 2022-12-01 999 999
22173 2022-12-01 999 999
22174 2022-12-01 999 999
22175 2022-12-01 999 999
22176 2022-12-01 999 999
22177 2022-12-01 999 999
22178 2022-12-01 999 999
22179 2022-12-01 999 999
22180 2022-12-01 999 999
22181 2022-12-01 999 999
22182 2022-12-01 999 999
22183 2022-12-01 999 999
22184 2022-12-01 999 999
22185 2022-12-01 999 999
22186 2022-12-01 999 999
22187 2022-12-01 999 999
22188 2022-12-01 999 999
22189 2022-12-01 999 999
22190 2022-12-01 999 999
22191 2022-12-01 999 999
22192 2022-12-01 999 999
22193 2022-12-01 999 999
22194 2022-12-01 999 999
22195 2022-12-01 999 999
22196 2022-12-01 999 999
22197 2022-12-01 999 999
22198 2022-12-01 999 999
22199 2022-12-01 999 999
22200 2022-12-01 999 999
22201 2022-12-01 999 999
22202 2022-12-01 999 999
22203 2022-12-01 999 999
22204 2022-12-01 999 999
22205 2022-12-01 999 999
22206 2022-12-01 999 999
22207 2022-12-01 999 999
22208 2022-12-01 999 999
22209 2022-12-01 999 999
22210 2022-12-01 999 999
22211 2022-12-01 999 999
22212 2022-12-01 999 999
22213 2022-12-01 999 999
22214 2022-12-01 999 999
22215 2022-12-01 999 999
22216 2022-12-01 999 999
22217 2022-12-01 999 999
22218 2022-12-01 999 999
22219 2022-12-01 999 999
22220 2022-12-01 999 999
22221 2022-12-01 999 999
22222 2022-12-01 999 999
22223 2022-12-01 999 999
22224 2022-12-01 999 999
22225 2022-12-01 999 999
22226 2022-12-01 999 999
22227 2022-12-01 999 999
22228 2022-12-01 999 999
22229 2022-12-01 999 999
22230 2022-12-01 999 999
22231 2022-12-01 999 999
22232 2022-12-01 999 999
22233 2022-12-01 999 999
22234 2022-12-01 999 999
22235 2022-12-01 999 999
22236 2022-12-01 999 999
22237 2022-12-01 999 999
22238 2022-12-01 999 999
22239 2022-12-01 999 999
22240 2022-12-01 999 999
22241 2022-12-01 999 999
22242 2022-12-01 999 999
22243 2022-12-01 999 999
22244 2022-12-01 999 999
22245 2022-12-01 999 999
22246 2022-12-01 999 999
22247 2022-12-01 999 999
22248 2022-12-01 999 999
22249 2022-12-01 999 999
22250 2022-12-01 999 999
22251 2022-12-01 999 999
22252 2022-12-01 999 999
22253 2022-12-01 999 999
22254 2022-12-01 999 999
22255 2022-12-01 999 999
22256 2022-12-01 999 999
22257 2022-12-01 999 999
22258 2022-12-01 999 999
22259 2022-12-01 999 999
22260 2022-12-01 999 999
22261 2022-12-01 999 999
22262 2022-12-01 999 999
22263 2022-12-01 999 999
22264 2022-12-01 999 999
22265 2022-12-01 999 999
22266 2022-12-01 999 999
22267 2022-12-01 999 999
22268 2022-12-01 999 999
22269 2022-12-01 999 999
22270 2022-12-01 999 999
22271 2022-12-01 999 999
22272 2022-12-01 999 999
22273 2022-12-01 999 999
22274 2022-12-01 999 999
22275 2022-12-01 999 999
22276 2022-12-01 999 999
22277 2022-12-01 999 999
22278 2022-12-01 999 999
22279 2022-12-01 999 999
22280 2022-12-01 999 999
22281 2022-12-01 999 999
22282 2022-12-01 999 999
22283 2022-12-01 999 999
22284 2022-12-01 999 999
22285 2022-12-01 999 999
22286 2022-12-01 999 999
22287 2022-12-01 999 999
22288 2022-12-01 999 999
22289 2022-12-01 999 999
22290 2022-12-01 999 999
22291 2022-12-01 999 999
22292 2022-12-01 999 999
22293 2022-12-01 999 999
22294 2022-12-01 999 999
22295 2022-12-01 999 999
22296 2022-12-01 999 999
22297 2022-12-01 999 999
22298 2022-12-01 999 999
22299 2022-12-01 999 999
22300 2022-12-01 999 999
22301 2022-12-01 999 999
22302 2022-12-01 999 999
22303 2022-12-01 999 999
22304 2022-12-01 999 999
22305 2022-12-01 999 999
22306 2022-12-01 999 999
22307 2022-12-01 999 999
22308 2022-12-01 999 999
22309 2022-12-01 999 999
22310 2022-12-01 999 999
22311 2022-12-01 999 999
22312 2022-12-01 999 999
22313 2022-12-01 999 999
22314 2022-12-01 999 999
22315 2022-12-01 999 999
22316 2022-12-01 999 999
22317 2022-12-01 999 999
22318 2022-12-01 999 999
22319 2022-12-01 999 999
22320 2022-12-01 999 999
22321 2022-12-01 999 999
22322 2022-12-01 999 999
22323 2022-12-01 999 999
22324 2022-12-01 999 999
22325 2022-12-01 999 999
22326 2022-12-01 999 999
22327 2022-12-01 999 999
22328 2022-12-01 999 999
22329 2022-12-01 999 999
22330 2022-12-01 999 999
22331 2022-12-01 999 999
22332 2022-12-01 999 999
22333 2022-12-01 999 999
22334 2022-12-01 999 999
22335 2022-12-01 999 999
22336 2022-12-01 999 999
22337 2022-12-01 999 999
22338 2022-12-01 999 999
22339 2022-12-01 999 999
22340 2022-12-01 999 999
22341 2022-12-01 999 999
22342 2022-12-01 999 999
22343 2022-12-01 999 999
22344 2022-12-01 999 999
22345 2022-12-01 999 999
22346 2022-12-01 999 999
22347 2022-12-01 999 999
22348 2022-12-01 999 999
22349 2022-12-01 999 999
22350 2022-12-01 999 999
22351 2022-12-01 999 999
22352 2022-12-01 999 999
22353 2022-12-01 999 999
22354 2022-12-01 999 999
22355 2022-12-01 999 999
22356 2022-12-01 999 999
22357 2022-12-01 999 999
22358 2022-12-01 999 999
22359 2022-12-01 999 999
22360 2022-12-01 999 999
22361 2022-12-01 999 999
22362 2022-12-01 999 999
22363 2022-12-01 999 999
22364 2022-12-01 999 999
22365 2022-12-01 999 999
22366 2022-12-01 999 999
22367 2022-12-01 999 999
22368 2022-12-01 999 999
22369 2022-12-01 999 999
22370 2022-12-01 999 999
22371 2022-12-01 999 999
22372 2022-12-01 999 999
22373 2022-12-01 999 999
22374 2022-12-01 999 999
22375 2022-12-01 999 999
22376 2022-12-01 999 999
22377 2022-12-01 999 999
22378 2022-12-01 999 999
22379 2022-12-01 999 999
22380 2022-12-01 999 999
22381 2022-12-01 999 999
22382 2022-12-01 999 999
22383 2022-12-01 999 999
22384 2022-12-01 999 999
22385 2022-12-01 999 999
22386 2022-12-01 999 999
22387 2022-12-01 999 999
22388 2022-12-01 999 999
22389 2022-12-01 999 999
22390 2022-12-01 999 999
22391 2022-12-01 999 999
22392 2022-12-01 999 999
22393 2022-12-01 999 999
22394 2022-12-01 999 999
22395 2022-12-01 999 999
22396 2022-12-01 999 999
22397 2022-12-01 999 999
22398 2022-12-01 999 999
22399 2022-12-01 999 999
22400 2022-12-01 999 999
22401 2022-12-01 999 999
22402 2022-12-01 999 999
22403 2022-12-01 999 999
22404 2022-12-01 999 999
22405 2022-12-01 999 999
22406 2022-12-01 999 999
22407 2022-12-01 999 999
22408 2022-12-01 999 999
22409 2022-12-01 999 999
22410 2022-12-01 999 999
22411 2022-12-01 999 999
22412 2022-12-01 999 999
22413 2022-12-01 999 999
22414 2022-12-01 999 999
22415 2022-12-01 999 999
22416 2022-12-01 999 999
22417 2022-12-01 999 999
22418 2022-12-01 999 999
22419 2022-12-01 999 999
22420 2022-12-01 999 999
22421 2022-12-01 999 999
22422 2022-12-01 999 999
22423 2022-12-01 999 999
22424 2022-12-01 999 999
22425 2022-12-01 999 999
22426 2022-12-01 999 999
22427 2022-12-01 999 999
22428 2022-12-01 999 999
22429 2022-12-01 999 999
22430 2022-12-01 999 999
22431 2022-12-01 999 999
22432 2022-12-01 999 999
22433 2022-12-01 999 999
22434 2022-12-01 999 999
22435 2022-12-01 999 999
22436 2022-12-01 999 999
22437 2022-12-01 999 999
22438 2022-12-01 999 999
22439 2022-12-01 999 999
22440 2022-12-01 999 999
22441 2022-12-01 999 999
22442 2022-12-01 999 999
22443 2022-12-01 999 999
22444 2022-12-01 999 999
22445 2022-12-01 999 999
22446 2022-12-01 999 999
22447 2022-12-01 999 999
22448 2022-12-01 999 999
22449 2022-12-01 999 999
22450 2022-12-01 999 999
22451 2022-12-01 999 999
22452 2022-12-01 999 999
22453 2022-12-01 999 999
22454 2022-12-01 999 999
22455 2022-12-01 999 999
22456 2022-12-01 999 999
22457 2022-12-01 999 999
22458 2022-12-01 999 999
22459 2022-12-01 999 999
22460 2022-12-01 999 999
22461 2022-12-01 999 999
22462 2022-12-01 999 999
22463 2022-12-01 999 999
22464 2022-12-01 999 999
22465 2022-12-01 999 999
22466 2022-12-01 999 999
22467 2022-12-01 999 999
22468 2022-12-01 999 999
22469 2022-12-01 999 999
22470 2022-12-01 999 999
22471 2022-12-01 999 999
22472 2022-12-01 999 999
22473 2022-12-01 999 999
22474 2022-12-01 999 999
22475 2022-12-01 999 999
22476 2022-12-01 999 999
22477 2022-12-01 999 999
22478 2022-12-01 999 999
22479 2022-12-01 999 999
22480 2022-12-01 999 999
22481 2022-12-01 999 999
22482 2022-12-01 999 999
22483 2022-12-01 999 999
22484 2022-12-01 999 999
22485 2022-12-01 999 999
22486 2022-12-01 999 999
22487 2022-12-01 999 999
22488 2022-12-01 999 999
22489 2022-12-01 999 999
22490 2022-12-01 999 999
22491 2022-12-01 999 999
22492 2022-12-01 999 999
22493 2022-12-01 999 999
22494 2022-12-01 999 999
22495 2022-12-01 999 999
22496 2022-12-01 999 999
22497 2022-12-01 999 999
22498 2022-12-01 999 999
22499 2022-12-01 999 999
22500 2022-12-01 999 999
22501 2022-12-01 999 999
22502 2022-12-01 999 999
22503 2022-12-01 999 999
22504 2022-12-01 999 999
22505 2022-12-01 999 999
22506 2022-12-01 999 999
22507 2022-12-01 999 999
22508 2022-12-01 999 999
22509 2022-12-01 999 999
22510 2022-12-01 999 999
22511 2022-12-01 999 999
22512 2022-12-01 999 999
22513 2022-12-01 999 999
22514 2022-12-01 999 999
22515 2022-12-01 999 999
22516 2022-12-01 999 999
22517 2022-12-01 999 999
22518 2022-12-01 999 999
22519 2022-12-01 999 999
22520 2022-12-01 999 999
22521 2022-12-01 999 999
22522 2022-12-01 999 999
22523 2022-12-01 999 999
22524 2022-12-01 999 999
22525 2022-12-01 999 999
22526 2022-12-01 999 999
22527 2022-12-01 999 999
22528 2022-12-01 999 999
22529 2022-12-01 999 999
22530 2022-12-01 999 999
22531 2022-12-01 999 999
22532 2022-12-01 999 999
22533 2022-12-01 999 999
22534 2022-12-01 999 999
22535 2022-12-01 999 999
22536 2022-12-01 999 999
22537 2022-12-01 999 999
22538 2022-12-01 999 999
22539 2022-12-01 999 999
22540 2022-12-01 999 999
22541 2022-12-01 999 999
22542 2022-12-01 999 999
22543 2022-12-01 999 999
22544 2022-12-01 999 999
22545 2022-12-01 999 999
22546 2022-12-01 999 999
22547 2022-12-01 999 999
22548 2022-12-01 999 999
22549 2022-12-01 999 999
22550 2022-12-01 999 999
22551 2022-12-01 999 999
22552 2022-12-01 999 999
22553 2022-12-01 999 999
22554 2022-12-01 999 999
22555 2022-12-01 999 999
22556 2022-12-01 999 999
22557 2022-12-01 999 999
22558 2022-12-01 999 999
22559 2022-12-01 999 999
22560 2022-12-01 999 999
22561 2022-12-01 999 999
22562 2022-12-01 999 999
22563 2022-12-01 999 999
22564 2022-12-01 999 999
22565 2022-12-01 999 999
22566 2022-12-01 999 999
22567 2022-12-01 999 999
22568 2022-12-01 999 999
22569 2022-12-01 999 999
22570 2022-12-01 999 999
22571 2022-12-01 999 999
22572 2022-12-01 999 999
22573 2022-12-01 999 999
22574 2022-12-01 999 999
22575 2022-12-01 999 999
22576 2022-12-01 999 999
22577 2022-12-01 999 999
22578 2022-12-01 999 999
22579 2022-12-01 999 999
22580 2022-12-01 999 999
22581 2022-12-01 999 999
22582 2022-12-01 999 999
22583 2022-12-01 999 999
22584 2022-12-01 999 999
22585 2022-12-01 999 999
22586 2022-12-01 999 999
22587 2022-12-01 999 999
22588 2022-12-01 999 999
22589 2022-12-01 999 999
22590 2022-12-01 999 999
22591 2022-12-01 999 999
22592 2022-12-01 999 999
22593 2022-12-01 999 999
22594 2022-12-01 999 999
22595 2022-12-01 999 999
22596 2022-12-01 999 999
22597 2022-12-01 999 999
22598 2022-12-01 999 999
22599 2022-12-01 999 999
22600 2022-12-01 999 999
22601 2022-12-01 999 999
22602 2022-12-01 999 999
22603 2022-12-01 999 999
22604 2022-12-01 999 999
22605 2022-12-01 999 999
22606 2022-12-01 999 999
22607 2022-12-01 999 999
22608 2022-12-01 999 999
22609 2022-12-01 999 999
22610 2022-12-01 999 999
22611 2022-12-01 999 999
22612 2022-12-01 999 999
22613 2022-12-01 999 999
22614 2022-12-01 999 999
22615 2022-12-01 999 999
22616 2022-12-01 999 999
22617 2022-12-01 999 999
22618 2022-12-01 999 999
22619 2022-12-01 999 999
22620 2022-12-01 999 999
22621 2022-12-01 999 999
22622 2022-12-01 999 999
22623 2022-12-01 999 999
22624 2022-12-01 999 999
22625 2022-12-01 999 999
22626 2022-12-01 999 999
22627 2022-12-01 999 999
22628 2022-12-01 999 999
22629 2022-12-01 999 999
22630 2022-12-01 999 999
22631 2022-12-01 999 999
22632 2022-12-01 999 999
22633 2022-12-01 999 999
22634 2022-12-01 999 999
22635 2022-12-01 999 999
22636 2022-12-01 999 999
22637 2022-12-01 999 999
22638 2022-12-01 999 999
22639 2022-12-01 999 999
22640 2022-12-01 999 999
22641 2022-12-01 999 999
22642 2022-12-01 999 999
22643 2022-12-01 999 999
22644 2022-12-01 999 999
22645 2022-12-01 999 999
22646 2022-12-01 999 999
22647 2022-12-01 999 999
22648 2022-12-01 999 999
22649 2022-12-01 999 999
22650 2022-12-01 999 999
22651 2022-12-01 999 999
22652 2022-12-01 999 999
22653 2022-12-01 999 999
22654 2022-12-01 999 999
22655 2022-12-01 999 999
22656 2022-12-01 999 999
22657 2022-12-01 999 999
22658 2022-12-01 999 999
22659 2022-12-01 999 999
22660 2022-12-01 999 999
22661 2022-12-01 999 999
22662 2022-12-01 999 999
22663 2022-12-01 999 999
22664 2022-12-01 999 999
22665 2022-12-01 999 999
22666 2022-12-01 999 999
22667 2022-12-01 999 999
22668 2022-12-01 999 999
22669 2022-12-01 999 999
22670 2022-12-01 999 999
22671 2022-12-01 999 999
22672 2022-12-01 999 999
22673 2022-12-01 999 999
22674 2022-12-01 999 999
22675 2022-12-01 999 999
22676 2022-12-01 999 999
22677 2022-12-01 999 999
22678 2022-12-01 999 999
22679 2022-12-01 999 999
22680 2022-12-01 999 999
22681 2022-12-01 999 999
22682 2022-12-01 999 999
22683 2022-12-01 999 999
22684 2022-12-01 999 999
22685 2022-12-01 999 999
22686 2022-12-01 999 999
22687 2022-12-01 999 999
22688 2022-12-01 999 999
22689 2022-12-01 999 999
22690 2022-12-01 999 999
22691 2022-12-01 999 999
22692 2022-12-01 999 999
22693 2022-12-01 999 999
22694 2022-12-01 999 999
22695 2022-12-01 999 999
22696 2022-12-01 999 999
22697 2022-12-01 999 999
22698 2022-12-01 999 999
22699 2022-12-01 999 999
22700 2022-12-01 999 999
22701 2022-12-01 999 999
22702 2022-12-01 999 999
22703 2022-12-01 999 999
22704 2022-12-01 999 999
22705 2022-12-01 999 999
22706 2022-12-01 999 999
22707 2022-12-01 999 999
22708 2022-12-01 999 999
22709 2022-12-01 999 999
22710 2022-12-01 999 999
22711 2022-12-01 999 999
22712 2022-12-01 999 999
22713 2022-12-01 999 999
22714 2022-12-01 999 999
22715 2022-12-01 999 999
22716 2022-12-01 999 999
22717 2022-12-01 999 999
22718 2022-12-01 999 999
22719 2022-12-01 999 999
22720 2022-12-01 999 999
22721 2022-12-01 999 999
22722 2022-12-01 999 999
22723 2022-12-01 999 999
22724 2022-12-01 999 999
22725 2022-12-01 999 999
22726 2022-12-01 999 999
22727 2022-12-01 999 999
22728 2022-12-01 999 999
22729 2022-12-01 999 999
22730 2022-12-01 999 999
22731 2022-12-01 999 999
22732 2022-12-01 999 999
22733 2022-12-01 999 999
22734 2022-12-01 999 999
22735 2022-12-01 999 999
22736 2022-12-01 999 999
22737 2022-12-01 999 999
22738 2022-12-01 999 999
22739 2022-12-01 999 999
22740 2022-12-01 999 999
22741 2022-12-01 999 999
22742 2022-12-01 999 999
22743 2022-12-01 999 999
22744 2022-12-01 999 999
22745 2022-12-01 999 999
22746 2022-12-01 999 999
22747 2022-12-01 999 999
22748 2022-12-01 999 999
22749 2022-12-01 999 999
22750 2022-12-01 999 999
22751 2022-12-01 999 999
22752 2022-12-01 999 999
22753 2022-12-01 999 999
22754 2022-12-01 999 999
22755 2022-12-01 999 999
22756 2022-12-01 999 999
22757 2022-12-01 999 999
22758 2022-12-01 999 999
22759 2022-12-01 999 999
22760 2022-12-01 999 999
22761 2022-12-01 999 999
22762 2022-12-01 999 999
22763 2022-12-01 999 999
22764 2022-12-01 999 999
22765 2022-12-01 999 999
22766 2022-12-01 999 999
22767 2022-12-01 999 999
22768 2022-12-01 999 999
22769 2022-12-01 999 999
22770 2022-12-01 999 999
22771 2022-12-01 999 999
22772 2022-12-01 999 999
22773 2022-12-01 999 999
22774 2022-12-01 999 999
22775 2022-12-01 999 999
22776 2022-12-01 999 999
22777 2022-12-01 999 999
22778 2022-12-01 999 999
22779 2022-12-01 999 999
22780 2022-12-01 999 999
22781 2022-12-01 999 999
22782 2022-12-01 999 999
22783 2022-12-01 999 999
22784 2022-12-01 999 999
22785 2022-12-01 999 999
22786 2022-12-01 999 999
22787 2022-12-01 999 999
22788 2022-12-01 999 999
22789 2022-12-01 999 999
22790 2022-12-01 999 999
22791 2022-12-01 999 999
22792 2022-12-01 999 999
22793 2022-12-01 999 999
22794 2022-12-01 999 999
22795 2022-12-01 999 999
22796 2022-12-01 999 999
22797 2022-12-01 999 999
22798 2022-12-01 999 999
22799 2022-12-01 999 999
22800 2022-12-01 999 999
22801 2022-12-01 999 999
22802 2022-12-01 999 999
22803 2022-12-01 999 999
22804 2022-12-01 999 999
22805 2022-12-01 999 999
22806 2022-12-01 999 999
22807 2022-12-01 999 999
22808 2022-12-01 999 999
22809 2022-12-01 999 999
22810 2022-12-01 999 999
22811 2022-12-01 999 999
22812 2022-12-01 999 999
22813 2022-12-01 999 999
22814 2022-12-01 999 999
22815 2022-12-01 999 999
22816 2022-12-01 999 999
22817 2022-12-01 999 999
22818 2022-12-01 999 999
22819 2022-12-01 999 999
22820 2022-12-01 999 999
22821 2022-12-01 999 999
22822 2022-12-01 999 999
22823 2022-12-01 999 999
22824 2022-12-01 999 999
22825 2022-12-01 999 999
22826 2022-12-01 999 999
22827 2022-12-01 999 999
22828 2022-12-01 999 999
22829 2022-12-01 999 999
22830 2022-12-01 999 999
22831 2022-12-01 999 999
22832 2022-12-01 999 999
22833 2022-12-01 999 999
22834 2022-12-01 999 999
22835 2022-12-01 999 999
22836 2022-12-01 999 999
22837 2022-12-01 999 999
22838 2022-12-01 999 999
22839 2022-12-01 999 999
22840 2022-12-01 999 999
22841 2022-12-01 999 999
22842 2022-12-01 999 999
22843 2022-12-01 999 999
22844 2022-12-01 999 999
22845 2022-12-01 999 999
22846 2022-12-01 999 999
22847 2022-12-01 999 999
22848 2022-12-01 999 999
22849 2022-12-01 999 999
22850 2022-12-01 999 999
22851 2022-12-01 999 999
22852 2022-12-01 999 999
22853 2022-12-01 999 999
22854 2022-12-01 999 999
22855 2022-12-01 999 999
22856 2022-12-01 999 999
22857 2022-12-01 999 999
22858 2022-12-01 999 999
22859 2022-12-01 999 999
22860 2022-12-01 999 999
22861 2022-12-01 999 999
22862 2022-12-01 999 999
22863 2022-12-01 999 999
22864 2022-12-01 999 999
22865 2022-12-01 999 999
22866 2022-12-01 999 999
22867 2022-12-01 999 999
22868 2022-12-01 999 999
22869 2022-12-01 999 999
22870 2022-12-01 999 999
22871 2022-12-01 999 999
22872 2022-12-01 999 999
22873 2022-12-01 999 999
22874 2022-12-01 999 999
22875 2022-12-01 999 999
22876 2022-12-01 999 999
22877 2022-12-01 999 999
22878 2022-12-01 999 999
22879 2022-12-01 999 999
22880 2022-12-01 999 999
22881 2022-12-01 999 999
22882 2022-12-01 999 999
22883 2022-12-01 999 999
22884 2022-12-01 999 999
22885 2022-12-01 999 999
22886 2022-12-01 999 999
22887 2022-12-01 999 999
22888 2022-12-01 999 999
22889 2022-12-01 999 999
22890 2022-12-01 999 999
22891 2022-12-01 999 999
22892 2022-12-01 999 999
22893 2022-12-01 999 999
22894 2022-12-01 999 999
22895 2022-12-01 999 999
22896 2022-12-01 999 999
22897 2022-12-01 999 999
22898 2022-12-01 999 999
22899 2022-12-01 999 999
22900 2022-12-01 999 999
22901 2022-12-01 999 999
22902 2022-12-01 999 999
22903 2022-12-01 999 999
22904 2022-12-01 999 999
22905 2022-12-01 999 999
22906 2022-12-01 999 999
22907 2022-12-01 999 999
22908 2022-12-01 999 999
22909 2022-12-01 999 999
22910 2022-12-01 999 999
22911 2022-12-01 999 999
22912 2022-12-01 999 999
22913 2022-12-01 999 999
22914 2022-12-01 999 999
22915 2022-12-01 999 999
22916 2022-12-01 999 999
22917 2022-12-01 999 999
22918 2022-12-01 999 999
22919 2022-12-01 999 999
22920 2022-12-01 999 999
22921 2022-12-01 999 999
22922 2022-12-01 999 999
22923 2022-12-01 999 999
22924 2022-12-01 999 999
22925 2022-12-01 999 999
22926 2022-12-01 999 999
22927 2022-12-01 999 999
22928 2022-12-01 999 999
22929 2022-12-01 999 999
22930 2022-12-01 999 999
22931 2022-12-01 999 999
22932 2022-12-01 999 999
22933 2022-12-01 999 999
22934 2022-12-01 999 999
22935 2022-12-01 999 999
22936 2022-12-01 999 999
22937 2022-12-01 999 999
22938 2022-12-01 999 999
22939 2022-12-01 999 999
22940 2022-12-01 999 999
22941 2022-12-01 999 999
22942 2022-12-01 999 999
22943 2022-12-01 999 999
22944 2022-12-01 999 999
22945 2022-12-01 999 999
22946 2022-12-01 999 999
22947 2022-12-01 999 999
22948 2022-12-01 999 999
22949 2022-12-01 999 999
22950 2022-12-01 999 999
22951 2022-12-01 999 999
22952 2022-12-01 999 999
22953 2022-12-01 999 999
22954 2022-12-01 999 999
22955 2022-12-01 999 999
22956 2022-12-01 999 999
22957 2022-12-01 999 999
22958 2022-12-01 999 999
22959 2022-12-01 999 999
22960 2022-12-01 999 999
22961 2022-12-01 999 999
22962 2022-12-01 999 999
22963 2022-12-01 999 999
22964 2022-12-01 999 999
22965 2022-12-01 999 999
22966 2022-12-01 999 999
22967 2022-12-01 999 999
22968 2022-12-01 999 999
22969 2022-12-01 999 999
22970 2022-12-01 999 999
22971 2022-12-01 999 999
22972 2022-12-01 999 999
22973 2022-12-01 999 999
22974 2022-12-01 999 999
22975 2022-12-01 999 999
22976 2022-12-01 999 999
22977 2022-12-01 999 999
22978 2022-12-01 999 999
22979 2022-12-01 999 999
22980 2022-12-01 999 999
22981 2022-12-01 999 999
22982 2022-12-01 999 999
22983 2022-12-01 999 999
22984 2022-12-01 999 999
22985 2022-12-01 999 999
22986 2022-12-01 999 999
22987 2022-12-01 999 999
22988 2022-12-01 999 999
22989 2022-12-01 999 999
22990 2022-12-01 999 999
22991 2022-12-01 999 999
22992 2022-12-01 999 999
22993 2022-12-01 999 999
22994 2022-12-01 999 999
22995 2022-12-01 999 999
22996 2022-12-01 999 999
22997 2022-12-01 999 999
22998 2022-12-01 999 999
22999 2022-12-01 999 999
23000 2022-12-01 999 999
23001 2022-12-01 999 999
23002 2022-12-01 999 999
23003 2022-12-01 999 999
23004 2022-12-01 999 999
23005 2022-12-01 999 999
23006 2022-12-01 999 999
23007 2022-12-01 999 999
23008 2022-12-01 999 999
23009 2022-12-01 999 999
23010 2022-12-01 999 999
23011 2022-12-01 999 999
23012 2022-12-01 999 999
23013 2022-12-01 999 999
23014 2022-12-01 999 999
23015 2022-12-01 999 999
23016 2022-12-01 999 999
23017 2022-12-01 999 999
23018 2022-12-01 999 999
23019 2022-12-01 999 999
23020 2022-12-01 999 999
23021 2022-12-01 999 999
23022 2022-12-01 999 999
23023 2022-12-01 999 999
23024 2022-12-01 999 999
23025 2022-12-01 999 999
23026 2022-12-01 999 999
23027 2022-12-01 999 999
23028 2022-12-01 999 999
23029 2022-12-01 999 999
23030 2022-12-01 999 999
23031 2022-12-01 999 999
23032 2022-12-01 999 999
23033 2022-12-01 999 999
23034 2022-12-01 999 999
23035 2022-12-01 999 999
23036 2022-12-01 999 999
23037 2022-12-01 999 999
23038 2022-12-01 999 999
23039 2022-12-01 999 999
23040 2022-12-01 999 999
23041 2022-12-01 999 999
23042 2022-12-01 999 999
23043 2022-12-01 999 999
23044 2022-12-01 999 999
23045 2022-12-01 999 999
23046 2022-12-01 999 999
23047 2022-12-01 999 999
23048 2022-12-01 999 999
23049 2022-12-01 999 999
23050 2022-12-01 999 999
23051 2022-12-01 999 999
23052 2022-12-01 999 999
23053 2022-12-01 999 999
23054 2022-12-01 999 999
23055 2022-12-01 999 999
23056 2022-12-01 999 999
23057 2022-12-01 999 999
23058 2022-12-01 999 999
23059 2022-12-01 999 999
23060 2022-12-01 999 999
23061 2022-12-01 999 999
23062 2022-12-01 999 999
23063 2022-12-01 999 999
23064 2022-12-01 999 999
23065 2022-12-01 999 999
23066 2022-12-01 999 999
23067 2022-12-01 999 999
23068 2022-12-01 999 999
23069 2022-12-01 999 999
23070 2022-12-01 999 999
23071 2022-12-01 999 999
23072 2022-12-01 999 999
23073 2022-12-01 999 999
23074 2022-12-01 999 999
23075 2022-12-01 999 999
23076 2022-12-01 999 999
23077 2022-12-01 999 999
23078 2022-12-01 999 999
23079 2022-12-01 999 999
23080 2022-12-01 999 999
23081 2022-12-01 999 999
23082 2022-12-01 999 999
23083 2022-12-01 999 999
23084 2022-12-01 999 999
23085 2022-12-01 999 999
23086 2022-12-01 999 999
23087 2022-12-01 999 999
23088 2022-12-01 999 999
23089 2022-12-01 999 999
23090 2022-12-01 999 999
#

//Comments
firstLevelThreads=5
secondLevelThreads=30